Maximum operands stack exceeded
0
1
2
3
4
5
6
7
8
9
10
11
12
13
14
15
16
17
18
19
20
21
22
23
24
0.0
2.0
4.0
6.0
8.0
10.0
12.0
14.0
16.0
18.0
20.0
22.0
0
1
2
1
2
3
2
3
4
3
4
5
1
2
3
2
3
4
3
4
5
4
5
6
2
3
4
3
4
5
4
5
6
5
6
7
3
4
5
4
5
6
5
6
7
6
7
8
4
5
6
5
6
7
6
7
8
7
8
9
Maximum operands stack exceeded
0
1
2
3
4
5
6
7
8
9
10
11
12
13
14
15
16
17
18
19
20
21
22
23
24
0.0
2.0
4.0
6.0
8.0
10.0
12.0
14.0
16.0
18.0
20.0
22.0
0
1
2
1
2
3
2
3
4
3
4
5
1
2
3
2
3
4
3
4
5
4
5
6
2
3
4
3
4
5
4
5
6
5
6
7
3
4
5
4
5
6
5
6
7
6
7
8
4
5
6
5
6
7
6
7
8
7
8
9
